-196
-477
-429
-205
-492
-396
-255
-419
-344
-227
-100
-320
-434
-235
-142
-154
-196
-93
-370
-316
-63
-372
-64
-60
-275
-98
-59
-74
-390
-56
-463
-247
-452
-85
-475
-481
-297
-188
-69
-342
-412
-164
-367
-312
-143
-95
-53
-232
-410
-269
-85
-57
-37
-6
-419
-382
-312
-403
-123
-288
-172
-443
-64
-465
-310
-358
-46
-100
-310
-482
-215
-485
-473
-153
-65
-304
-497
-305
-379
-93
-147
-123
-7
-171
-359
-428
-446
-258
-392
-231
-254
-470
-154
-92
-184
-219
-335
-105
-420
-405
-262
-42
-431
-139
2
-201
-363
-2
-379
-472
-420
-452
-171
-95
-95
-71
-57
-110
-409
-203
-372
-340
-81
-289
-207
-166
-411
-498
-149
-15
-180
-423
-140
-8
-461
8
-123
-294
-44
-499
-96
-97
-23
-224
-167
-55
-138
-43
-335
-392
-87
-457
-186
-445
5
-464
-495
-369
-39
-365
-440
-494
-353
-262
-387
-86
-230
-319
-440
-332
-165
-247
-323
-233
-220
-452
-228
-452
-113
-471
-302
-121
-35
-238
-260
-7
-41
-129
-357
-339
-90
-423
-309
-239
-236
-371
-150
-313
-359
2
-487
-384
-295
-190
-2
-291
-421
-8
-236
-497
-239
-416
-354
-471
-352
-179
-358
-353
-274
-420
-436
-188
-245
-143
-349
-201
-390
-125
-436
-447
-35
-226
-394
-292
-228
-167
-429
-246
-190
-203
-414
-118
-91
-260
-42
-271
-373
-419
-319
-429
-302
5
-272
-270
-392
5
-349
-331
-387
-15
-324
-125
-399
-159
-424
-450
-36
-440
-422
-116
-435
-246
-438
-63
-452
-104
-25
-164
-67
-15
-447
-481
1
-491
-492
-51
-240
-362
-371
-211
-13
-65
-473
-461
-371
-279
-300
-313
-308
-366
-208
-210
-416
-134
-36
-57
-422
-10
-390
-94
-455
-490
-450
-261
-132
-101
-202
-429
-53
-448
-386
-480
-224
-27
-235
-115
-178
-299
-237
-155
-369
-45
-374
-206
-91
-318
-421
1
-434
5
-177
-198
-394
-314
-335
-186
-277
-480
-470
-229
-361
-125
-135
-213
-214
-455
-488
-324
-58
-24
-245
-292
-408
-498
-208
-90
-146
-378
-162
-185
-297
-286
-334
-41
-269
-307
-229
-238
-248
-214
-332
-224
-363
-145
-459
-221
-84
-335
-387
-210
-423
-263
-235
-317
-445
-282
-201
-393
-222
1
-474
-142
-116
-416
-73
-119
-352
-140
-56
-403
-358
-94
-479
-158
-63
-54
-299
-419
-395
-339
-498
-88
-459
-308
-91
-340
-142
-322
-227
-140
-392
-191
-260
-341
-14
-192
-471
-271
-369
-295
-344
-87
-490
-448
-50
-96
-149
-457
-474
-186
-124
-207
-111
-44
-94
-449
-464
-134
-3
-405
-301
-327
-107
-387
-297
-455
-473
-285
-138
-143
3
-497
-41
-497
-204
-389
-9
-270
-196
-88
-80
-148
-195
-117
-249
-305
-34
-180
-128
-364
-237
-391
-374
-62
-289
-354
-430
-20
-205
-450
-75
-421
-367
-453
-478
-247
-118
-249
-486
-43
-426
-495
-278
-301
-56
-263
-458
-204
-379
-198
-78
-363
-29
-258
-7
-122
-119
-178
-35
-105
-241
-241
-447
-238
-416
-383
-92
-299
-87
-188
-458
-479
-130
-212
-458
-165
-427
-245
-152
-275
1
-281
-500
-410
-44
-344
-156
-341
-96
-443
-110
-321
-271
-392
-495
-420
-301
-245
-339
-326
-376
-121
-345
-212
-5
-227
-383
-150
-388
-402
-264
-20
-5
-411
-468
-368
-463
-487
-482
-39
-344
-167
-232
-417
-340
-385
-213
-16
-402
-306
-317
-451
-147
-48
-12
-37
-462
-283
-269
-93
-45
-394
-395
-399
-142
-298
-244
-289
-201
-79
-116
-454
-266
-129
-197
-34
-204
-434
-460
-334
-368
-201
-381
-131
-355
-489
-467
-443
-452
-75
-59
-330
-50
-44
-193
-467
-128
-200
-417
-381
-339
-263
-391
-408
-159
-369
-28
-97
-116
-321
-238
-355
-134
-127
-76
-414
-91
-12
-298
-132
-58
-109
-25
-485
-181
-111
-93
-112
-60
-291
-94
-160
-23
-262
-39
-326
-257
-113
-244
-490
-472
-396
-355
-495
-347
-195
-209
-3
-394
-497
-279
-219
-119
-201
-282
-283
-233
-423
-467
-201
-44
-423
-58
-76
-98
-70
-173
-43
-417
-437
-111
-301
-500
-353
-153
-300
-181
-293
-163
-325
-252
-158
-447
-312
-378
-463
-67
-90
-216
-156
-289
-446
-224
-75
-423
-396
-120
-120
-393
-247
-203
-461
-427
-277
-409
-372
-180
-146
-155
-119
-139
-46
-460
-91
-355
-8
-192
-207
-328
-174
-319
-132
-210
6
-317
-78
-281
-160
-479
-45
-437
-381
-124
-363
-396
-156
-295
-264
-64
-204
-236
-494
-158
-407
-117
-354
-319
-81
-251
-230
-67
-113
-452
-281
-42
-62
-51
-108
-288
-256
-252
-245
-207
-464
9
-46
-287
-93
-264
-135
-136
-48
-82
-97
-484
-419
-62
-315
-377
-240
-37
-147
-304
-474
-114
-186
-393
-78
-391
-141
-199
-195
-47
-27
-495
-455
-232
-154
-106
-84
-307
-438
-100
-499
8
-200
-328
-308
-200
-272
-377
-216
-276
-459
-14
-144
-122
-325
-15
-225
-277
-488
-376
-381
-453
-421
-106
-166
-351
-257
-363
-111
-499
-367
-232
-362
-272
-88
-188
-133
-429
-137
-296
-125
-472
7
-244
-68
-133
-303
-101
-195
-12
-233
-9
-400
-318
-66
-451
-176
-210
-72
-435
-104
-422
-124
-422
-109
-208
2
-242
-228
-161
-271
-24
1
-310
-348
-91
-329
-204
-460
-463
-102
-279
-197
-167
-147
-78
-374
-282
-341
-148
-364
-145
-319
-116
-397
-194
4
-238
-174
-68
-149
-194
-244
-242
-12
-113
-2
5
-212
-162
-181
-482
-322
-215
-260
-9
-397
-93
-143
-378
-19
-487
-468
-385
-475
-358
-401
-7
-128
-93
-186
-372
-263
-55
-439
-57
-434
-462
-312
-259
-419
-405
-172
-140
-493
-483
-238
-430
-344
-299
-470
-370
-367
-24
-55
-49
-304
-445
-373
-4
-7
-445
-336
-372
-76
-415
-111
-466
-320
-323
-289
-156
3
-263
-447
-35
-495
-248
-439
-364
-164
-168
-415
-496
-450
-269
-104
-301
-462
-362
-11
-221
-218
-84
-304
-499
-380
-295
-411
-187
-400
-130
-182
-224
-479
-108
-262
-278
-377
-267
-305
-350
-68
-475
-378
-57
-250
-350
-216
-223
-357
-154
-115
-496
-184
-377
-40
-395
-265
-127
-448
-310
-175
-411
-367
-307
-233
-6
-498
-282
-304
7
-186
-243
-447
-164
-29
-400
-295
-333
-203
-195
-11
-473
-471
-162
-386
-424
-430
-124
-462
-480
-362
-430
-89
-408
-33
-299
-188
-271
-478
-220
-270
-128
-361
-451
-154
-315
-238
-8
-439
-279
-436
-215
-40
-244
-142
-209
-51
-5
-191
-101
-471
-124
5
-75
-135
-375
-169
-256
-366
-51
-418
-444
-9
-293
-94
-193
-356
-221
2
-395
-157
-199
-326
-365
-232
-211
-80
-94
-188
-496
-257
-190
-379
-98
3
-308
-17
-210
-428
-359
-451
-220
3
-226
-190
-432
-189
-474
-342
-436
-89
-81
-147
-387
-404
-449
-153
-175
-421
-266
-213
-487
-238
-286
-411
-468
-391
-37
-27
-402
-347
-438
-214
-345
-389
-92
-202
-455
-210
-78
-389
-159
-147
-395
-394
-74
-308
-177
-425
-151
-337
-184
-495
-78
-496
-68
-199
-488
-357
-480
-63
-260
-261
6
-443
-493
-387
-94
-35
-152
-305
-251
-367
-3
-143
-55
-408
-364
-477
-406
-170
-315
-117
-322
-102
-75
-266
-186
-494
-318
-125
-235
-407
-480
-376
-223
-245
-301
-390
-83
-73
-235
-180
-326
-119
-255
-435
-31
-55
-248
-206
-171
-130
-132
-430
-338
-421
-149
-269
-44
-246
-195
-418
-45
-83
-161
-172
-238
-313
-24
-177
-324
-335
-327
-325
-56
-311
-413
-53
-219
-261
-380
-342
-338
-55
-181
-273
-398
-39
-177
-445
-394
-248
-495
-303
-410
-318
-447
-243
-272
-157
-420
-435
-36
-266
-420
-389
-263
-56
-245
-396
-54
-157
-329
-156
-416
-47
-172
-344
-284
-46
-394
-341
-210
-320
-49
-449
-74
-129
-17
-485
-30
-54
-272
-480
-385
-13
-39
-25
-233
-269
-356
-172
-155
-5
-419
-299
-414
-125
-303
-142
-64
-158
-87
-326
-34
-494
-386
-10
-128
-386
-210
-327
-129
-216
-185
-389
-205
-170
-432
-310
-467
-22
-17
-235
-158
-32
-225
-281
-169
-402
-234
-344
-351
-21
-444
-451
-309
-318
-476
-68
-162
-490
-91
-280
-249
-268
-38
-412
-352
-125
-415
-413
-209
-112
-358
-143
-244
-265
-172
-127
-184
-84
-393
-296
-335
-379
-280
-374
-179
-327
-366
-151
-269
-115
-188
-486
-84
-271
-122
-446
-443
-247
-10
-264
-478
-184
-41
-311
-36
-467
-234
-416
-406
-164
-212
-160
-317
-93
-353
-192
-299
-384
-301
-156
-248
-365
-375
-465
-184
-117
-173
-92
-308
-340
-16
-65
-68
-157
-378
-261
-467
-191
-36
-260
-289
-346
-491
-21
-27
-192
-131
-241
-248
-463
-254
-236
-50
-211
-255
-430
-216
-46
-419
-332
-256
-214
-118
-411
-331
-84
-331
-113
-492
-26
-223
-415
-27
-241
-17
-440
-55
-328
-32
-458
-307
-420
-74
-150
-359
-102
-409
-391
-246
-10
-329
-205
-374
-111
-411
-373
-43
-84
-72
-24
-406
-260
-192
-348
-9
-197
-386
-51
-333
-432
-176
-307
-237
-329
-55
-241
-41
-40
-46
1
-300
-10
-490
-454
-96
-489
6
-88
-220
-255
-366
-356
-209
-80
-480
-436
-149
-360
-206
-208
-226
-132
-473
-430
-371
-68
-252
-120
-11
-148
-177
-16
-487
-415
-472
-151
-466
-243
-12
-468
-302
3
-435
-202
-180
-317
-260
-26
-122
-425
-75
-254
-76
-81
9
-372
-169
-330
-260
-459
-171
-373
-408
-307
-79
-322
-485
-28
-248
-225
-405
-439
-8
-465
-231
-240
-75
-312
-13
-99
-405
-345
-389
-56
-438
-78
-234
-65
-27
-176
-302
-425
-210
-127
-336
-454
-379
-176
-164
-316
-87
-312
-457
-400
0
-372
-494
-193
-368
-376
-259
-133
-101
-286
-469
-440
-403
-436
-365
-116
-219
-59
-41
-337
-401
-18
-264
-209
-60
-373
-203
-129
-11
-159
-290
-380
-297
-466
-64
5
-60
-34
-408
-432
-292
-340
-109
-132
0
-2
-459
-95
-200
-315
-90
-162
-466
-63
-225
-2
-316
-115
-110
-297
-421
-35
-372
-167
-321
-18
-142
-112
-296
-350
-330
-482
-321
-164
-291
-175
-256
-241
-255
-103
-393
-330
-356
-398
-33
-261
-386
-270
-252
-170
-40
-63
-92
-449
-90
-412
-300
-384
-56
-455
-132
-188
-93
-498
-233
-331
-118
-207
-190
-96
-119
-71
-280
-42
-397
-18
-3
-285
-67
-383
-272
-409
-176
-129
5
-345
-492
-144
-404
9
-269
-362
-79
-201
-174
-149
-308
-360
-417
-363
-353
-189
-74
-470
-254
-119
-38
-337
-179
-84
-252
-438
-233
-176
-478
-410
-132
-261
-113
-162
8
-41
-125
-68
-68
-469
-283
-116
-75
-367
-159
-46
-302
-146
-404
-87
-462
-403
-349
-474
-238
-84
-284
-364
-290
-135
-101
-147
4
-110
-436
-242
-473
-302
-498
-440
-443
-172
-378
-141
-45
-240
-15
-259
-107
-488
-384
-251
-173
-60
-391
-495
-69
-385
-312
-418
-442
-342
-163
-162
-410
-62
-286
-391
-370
-378
-19
-194
-9
-141
-264
-303
-228
-308
-293
-5
-214
-206
-65
-335
-150
-266
-35
-408
-50
-166
-348
-446
-83
-111
-183
-1
-194
-101
-337
-377
-366
-256
-92
-34
-19
-333
-103
-197
-148
-434
-40
-229
-238
-343
-92
-225
-56
-492
-310
-146
-325
-323
-204
-163
-6
5
-211
-368
-152
-228
-309
-417
-89
-144
-148
-441
-174
-381
-331
-378
-114
-96
-329
-410
-213
-172
-290
-140
-143
-466
-129
-132
-110
-315
-353
-418
-452
-102
-192
-140
-437
-274
-339
-97
-136
-176
-489
-192
-141
-466
-242
-161
-276
-338
-455
-169
-224
-415
-90
-72
-368
-69
-64
-3
-189
-74
-222
-328
-98
-158
-206
-375
-177
-143
-100
-1
-15
-152
-247
-191
-431
-406
-248
-314
-372
-226
-106
-349
-167
-275
-467
-174
-252
-336
-63
-407
-466
-229
-90
-225
-408
-181
-222
-152
-190
-113
-140
-499
-288
-138
-134
-403
-25
-239
-409
-316
-261
-220
-149
-427
-213
-359
-11
-355
-342
-42
-422
-332
-163
-236
-115
-396
-301
-211
-164
-330
-316
-170
-381
-234
-360
-119
-326
-272
-356
-152
-368
-235
-6
-362
-422
-189
-371
-432
-486
-452
-198
-287
-341
-196
-24
-205
-84
-64
-48
-331
-67
-312
-289
-122
-395
-123
-192
-283
-386
-433
-298
-412
-201
-448
-150
-30
-74
-158
-357
-94
-442
-134
-367
-63
-430
-194
-249
-87
-34
-280
-273
-293
-179
-199
-266
-231
-129
-212
-168
-418
-346
-92
-322
-261
-451
-165
-316
-292
-373
-406
-175
-291
-293
-190
-168
-35
4
-301
-460
-232
-326
-107
-284
-391
-31
-465
-475
-144
-385
-273
-316
-499
-57
-210
-203
-116
-312
-89
-411
-240
-402
-498
-262
-245
-179
-487
-171
-42
-156
-271
-115
-37
-352
-229
-47
-165
-307
-9
-373
-332
-238
-158
-339
-449
-206
-23
-138
-145
-299
-99
-241
-435
-230
-406
-64
-30
-255
-363
-188
-38
-26
-228
-480
3
-185
-66
-477
-174
-302
-168
-23
-387
-230
-424
-436
-308
-115
-133
-476
-207
-469
-137
-283
-446
-35
-181
-345
-115
-434
-98
-6
-283
-177
-173
-275
2
3
-252
-314
-488
-484
-199
-374
-19
-109
-23
-347
-93
-355
-258
-56
-390
-49
-129
-486
9
-402
-417
-253
-270
-382
-41
-425
-119
-368
-345
-394
-310
-472
-384
-199
-182
-235
-413
-274
-42
-112
-468
-273
-196
-298
-174
-461
-264
-91
-319
-114
-195
-435
-436
-431
-230
-31
-104
-495
-300
-258
-384
-273
-284
-180
0
-320
-332
-219
-470
-469
-159
-280
-320
-409
-179
-334
-433
-420
-326
-121
-444
-9
-479
5
-277
-166
-410
-269
-137
-331
-260
-357
-290
-113
-461
-435
-93
-179
-442
-377
-88
-147
-372
-118
-328
-456
-389
-360
-93
-237
-269
-23
-127
-299
-438
-75
-398
-142
-1
-209
-366
-471
-148
-119
-66
-261
-371
-114
-217
-268
-106
-253
-417
-198
-4
-19
-285
-409
-76
-317
-130
-179
-183
-29
-237
-486
-397
-308
-75
-176
-143
-368
-275
-370
-377
-64
-41
-236
-486
-161
-335
-48
-446
-431
-122
-173
-58
-242
-497
-108
-483
-106
-212
-406
-93
-414
-187
-267
-423
-437
-434
-415
-154
-415
-74
-95
-252
-126
-84
-103
-275
-309
-206
-419
-176
-2
-325
-93
-71
-392
-105
-494
-430
-207
-394
-295
-497
-471
-287
-186
-339
-92
-216
-313
-327
-497
-413
-54
-273
-99
-328
-33
-381
-14
-188
-500
-104
-70
-393
-202
-458
-489
-286
-140
-446
-371
-368
-100
-208
-14
-176
-28
-440
-388
-356
-401
-448
-261
-271
-436
-374
-124
7
-67
-259
-470
-146
-129
-408
-5
-217
-382
-183
-220
-489
-455
-36
-474
-320
-353
-252
-347
-194
-355
-139
-171
-47
-78
-8
-466
-444
-159
0
-207
-435
-276
-267
-247
-387
-144
-449
-239
-239
-334
-131
-313
2
-2
-99
-37
-180
-282
-384
-466
-1
-460
-223
-236
-394
-320
-88
-169
-239
-377
-403
-201
-315
-161
-220
-342
-414
-324
-310
-177
-57
-486
-107
-271
-207
-381
-486
-160
-416
-28
-378
-326
-272
-372
-288
9
-228
-193
-25
-191
-150
-348
-271
-95
-53
-240
-97
-440
-128
-204
-1
-430
-60
-325
-500
-411
-331
-471
-375
-28
-451
-259
-465
-378
-183
-10
-139
-245
-115
-345
-190
-268
-85
-161
-144
-288
-87
-469
-425
-261
-147
-159
-89
-201
-337
-478
-433
-170
-331
-124
-383
-170
-391
-233
-294
-468
-52
7
-440
-26
-121
-166
-186
-87
-46
-445
-488
-372
-2
-438
-272
-103
-204
-99
-425
-157
-93
-284
-18
-117
-239
-70
-373
-117
-342
-402
-91
-218
-142
8
-56
-59
-18
-65
-473
-53
-298
-16
-436
-475
-391
-382
-181
-280
-146
-410
-339
-348
-82
-41
-267
-496
-18
-491
-2
-384
-272
4
-441
-369
-411
-241
-467
-358
-459
-405
-244
-494
-103
-166
-437
-287
-96
-360
-273
-419
-188
-51
-426
-326
-377
-491
-168
-429
-184
-187
-367
-458
-196
-14
-457
-254
-50
7
-495
-469
-430
-223
-367
-182
-366
-25
-478
-351
-344
-105
-48
-107
-279
-222
-476
-487
-205
-290
-249
-10
-267
-462
-313
-71
-299
-286
-39
-160
-289
-200
-280
-499
-9
-93
-172
-240
-122
0
-348
-453
-230
-285
-15
-193
-410
-13
-389
-247
-450
-228
-309
-425
-134
-42
-334
-435
-318
-148
-24
-291
-148
-378
-53
-41
-208
-426
-110
-418
-300
-319
-125
-46
-437
-467
-444
-274
-437
-139
-475
-55
-35
-21
-24
-449
-454
-399
-37
-125
-271
-39
-109
-464
-69
-386
-195
-404
-277
-323
-124
-16
-465
-53
-292
-489
-81
-114
-420
-303
-139
-429
-45
-28
-142
-303
-483
-404
-408
-434
-6
-205
-236
-40
-122
-341
-196
-436
-142
-88
-1
1
-359
-61
-446
-296
-98
-180
-39
-479
-194
-92
-411
-273
-334
-446
-224
-459
-173
-451
-125
-494
-105
-309
-62
-378
2
-97
-49
-135
-446
-393
-5
-48
-433
-407
-92
-371
-313
-424
-213
-276
-38
-431
-360
-233
-457
-43
-193
-436
-386
-487
-307
-444
7
-335
-346
-430
-385
-69
-323
-153
-55
-430
-71
-474
-247
-71
-100
-34
-3
-441
-136
-378
-326
-446
-29
-221
-487
-48
-139
-105
-199
-466
-239
-86
3
-230
-224
-7
-371
-263
5
-360
-454
-65
-149
-393
-172
-13
-72
-60
-214
-448
-237
-39
-68
-276
-109
-141
-102
-45
-36
-462
-247
-201
-144
-173
-230
-319
-316
-197
-44
-56
-75
-470
-410
-56
-92
-366
-117
-344
-68
-344
-127
-402
-302
-454
-66
-249
-435
-493
-199
-14
-371
-133
-346
-236
-477
-487
-346
-425
-307
-232
-239
-459
-42
-83
-191
-359
-196
-187
-296
-418
-487
-217
-499
-220
-349
-138
-435
-143
-272
-287
-17
-232
-4
-121
-318
-162
-293
-226
-117
-194
-197
-28
-442
-172
-36
-496
-2
-125
-102
-350
-133
-182
-400
-179
-32
-284
-89
-65
-199
-388
-259
-45
-438
-180
-336
-375
-181
-381
-309
-217
-394
-99
-197
-113
-265
-25
-193
-478
-434
-466
-320
-354
-337
-159
-375
-381
-418
-92
-287
-180
-399
-23
-80
-36
-381
-90
-202
-459
-227
-59
-472
-233
-435
-466
-207
-438
-298
-138
8
-2
-488
-331
-169
-326
-16
-484
-337
-452
-456
-317
-130
-281
-329
-59
-282
-54
-144
-317
-440
-417
-493
-443
-91
-402
-361
-315
-100
7
-112
-426
-152
-202
-436
-7
-165
-90
-380
-33
-411
-427
-168
-24
-128
-315
-381
-163
0
-430
-485
-198
-17
-69
-482
-197
-289
-274
-327
-49
-487
-384
-449
-337
-104
-104
-250
-494
-312
-411
-273
-52
-486
-128
-335
-355
-103
-347
-276
-424
-456
-149
-364
-161
-343
-28
-149
-240
-276
-300
-64
-492
-415
-177
-108
-198
-450
-14
-123
-242
-231
-388
-429
-163
-364
-136
-223
-402
-172
-435
-153
-278
-217
-478
-435
-65
-156
-292
-115
-33
-245
-339
-305
-439
-274
-191
-406
-345
-392
-198
-329
-493
-23
-254
-212
-482
-499
-43
-192
-346
-486
-175
-209
-103
-184
-446
-206
-481
-72
-273
-488
-64
-11
-155
-471
-212
-180
-431
-71
-67
-86
-262
-149
-465
-487
-17
-230
-91
-26
-162
-390
-365
-448
-177
2
-476
-164
-18
-167
-72
-244
-214
-144
-430
-64
-487
-476
-482
-49
-421
-219
-2
-487
-486
-36
-189
-413
-394
-26
-316
-119
-310
-260
-32
-177
-59
-345
-348
-15
-335
-104
-317
-330
-419
-44
-442
-369
-181
-349
-39
-497
0
-152
-278
-130
-41
-402
-102
-39
-17
-340
-244
-453
-352
-134
-493
-130
-55
-320
-68
-139
-291
-36
-108
-176
-25
-141
-54
-206
-435
-442
-23
-498
-294
-29
-338
-408
-85
-56
-282
-4
-280
-385
-149
-57
-134
-389
-244
-19
-176
-347
-370
-251
-29
-393
7
-241
-104
-289
-242
-93
-413
-134
-106
-198
-193
-234
-3
-492
-449
-318
-481
-386
-275
-177
-356
-380
-349
-500
-21
-326
-443
-180
-417
-100
-248
-115
-283
-446
-122
-302
-464
-459
-383
-359
-128
-328
-146
-439
-268
-285
-345
-98
-326
-448
-225
-481
-477
-285
-41
-78
-52
-319
-439
-61
-78
-487
-400
-210
-127
-19
-258
-434
-17
-276
-270
-378
-342
-196
-379
-61
-195
-488
-336
-388
-479
-438
-324
-26
-258
-272
-310
-446
-253
-52
-233
1
-167
-163
-387
-335
-195
-38
-478
-200
-480
-185
-491
-225
-287
-240
-392
-114
-443
-439
-91
-4
-421
-295
-86
-276
-458
-146
-215
-104
-469
-464
-95
-375
-417
-44
-238
-297
-113
-334
-220
-294
-48
-21
-345
-135
-29
-37
-229
-146
-120
-284
-486
-80
-73
-186
-310
-366
-216
-227
-136
-11
-146
-268
-386
-449
-237
-320
-272
-164
-257
-379
-496
-188
-79
-140
-145
-81
-349
-302
-304
-422
-81
-61
-90
-198
-361
-59
-218
-161
-450
-363
-59
-255
-435
-127
-101
-9
4
-425
-469
-122
-103
-83
-492
-72
-470
-6
-110
-469
-240
-60
-490
-155
-226
-397
-390
-400
-27
-48
-153
-122
-312
-247
-11
-445
-48
-374
-448
-186
-496
-156
-357
-48
-481
-142
-115
-495
-250
-199
-44
-76
-317
-262
-131
-203
-298
-274
-426
-452
-87
-493
-294
-152
-30
-21
-495
-63
-371
-236
-480
-69
-168
-331
-121
-176
-331
-420
-42
-231
-431
-153
-215
-31
-345
-425
-234
-306
-276
-203
-71
-315
-11
-107
-204
-279
-224
-82
7
-229
-429
-476
-225
-371
-295
-275
-238
-435
-476
-119
-195
-344
7
-495
-439
-79
-117
-342
-277
-332
-278
-95
-394
-371
-349
-283
-171
-326
-308
-288
-22
-319
-96
-475
-11
-112
-43
-335
-399
-405
-86
-56
-147
-152
-117
-242
-223
-174
-379
-27
-101
-129
-88
-292
-341
-328
-435
-263
-3
-387
-52
-436
-330
-370
-72
-44
-367
-412
-128
-157
-206
-315
-422
-59
-378
-322
-422
-60
-135
-60
-185
-196
-223
-452
-415
-218
-199
-493
-56
-414
-313
-36
-185
-60
-162
-287
-214
-433
-473
-499
-46
-108
-298
-19
8
-99
-378
-327
-472
-392
-308
-128
-163
-386
-449
-261
-245
-409
-338
-15
-52
-363
-172
-130
-43
-473
-129
-471
-107
-177
-160
-488
-102
-143
-172
-366
-424
-275
-174
-497
-261
-221
-466
-398
-97
-165
-365
-360
-341
-427
-344
-295
-461
-338
-125
-296
-328
-295
-401
-284
-120
-181
-219
-327
-92
-435
-84
-11
-171
-396
-109
-402
-465
-145
-90
-473
-202
-267
-297
-493
-122
-27
-442
-211
-45
-304
-256
-63
-211
-240
-200
-470
-96
3
-296
-30
-131
-307
-446
-92
-40
-156
-472
-68
-279
-149
-82
-231
-411
-358
1
-203
-434
-400
-29
-410
4
-308
-386
-22
-341
-498
-110
-417
-277
-299
-339
-65
-382
-306
-295
-474
-3
-287
-394
-92
-192
-52
-376
-125
-27
-161
-322
-90
-411
-433
-495
-417
-91
-92
-149
-56
-25
-249
-124
-279
-113
-7
-247
-447
-497
-29
-22
-113
-105
4
-35
-202
-217
-316
-152
-318
-135
-314
-18
-117
-473
-61
-248
-107
-474
-352
-133
-487
-310
-245
-329
-247
-453
-324
-125
-290
-465
-496
-350
-16
-189
-60
-147
-199
-462
-462
-243
-279
-405
-164
-230
7
9
-446
-140
-456
-53
-388
-481
-236
-468
-119
-269
-492
-345
-402
-453
-43
-464
-380
-4
-369
-255
7
-436
-49
-195
-112
-380
-220
-47
-268
-76
-88
-47
-166
-203
-153
-420
-254
-174
-212
-360
-131
-317
-13
-135
-179
-417
-492
-426
-329
-488
-117
-26
-406
-283
-187
-13
-456
-54
-486
-409
-398
-85
-181
-455
-188
-199
-475
-209
-403
-219
-333
-11
-274
-37
-192
-221
-375
-246
-292
-54
-114
-350
-7
-158
-11
-258
-100
-335
-61
-289
-61
-354
-381
-63
-154
-488
-490
-14
-257
-32
-170
-276
-196
-138
-389
-377
-101
-123
-268
-206
-375
-410
-467
-257
7
-79
-151
-498
-297
-197
-78
-397
-426
-252
-211
-154
-407
-448
-171
-464
-252
-66
-292
-257
-9
-28
-323
-186
-337
-295
-322
8
-39
-150
-51
-482
-306
-427
-261
-277
-8
-306
-365
-102
-224
-387
4
-26
-389
-15
-187
-183
-149
-84
-316
-440
-192
-431
-219
-423
-417
-352
-335
-78
-330
-470
-36
-407
-253
-47
-85
-77
-145
-28
-493
-10
-319
-232
-12
-275
-32
0
-377
-210
-288
-463
-406
3
-306
-389
-27
-243
-339
-208
-326
-58
-395
-414
-353
-187
-420
-355
-167
-289
-138
-49
-53
-285
-165
-266
-137
-449
-86
-25
-189
-276
5
-416
-200
-348
-71
-387
-383
-353
-453
-370
-363
-409
-74
-159
-154
-433
-200
-317
-92
-427
-354
-249
-314
-261
-132
-138
-6
-33
-136
-103
-238
-481
-152
-392
-62
-350
-378
-338
-110
-382
-198
-443
-199
-43
-168
0
-294
-330
-449
-495
-170
-316
-26
-137
-439
-93
-152
-385
-217
-344
-325
-423
-311
-310
-413
-341
-468
-145
-282
-305
-377
8
-335
-163
-431
-447
-169
-445
-178
-131
-391
-173
-251
-248
-440
-136
-253
-409
-156
-425
-72
-153
-109
-103
-270
-1
-189
-478
-273
-1
-401
-268
-237
-391
-50
-142
-374
-6
-378
-269
-250
-369
-483
-389
-367
-36
-17
-280
-76
-480
-482
-31
-358
-263
-425
-22
-84
-119
-127
-160
-169
-148
-164
-278
-296
-55
-25
-226
-444
-332
-189
-462
-393
-177
-213
-316
-153
-80
-298
-393
-392
-237
-293
-293
-209
-152
-352
-128
-48
-451
-433
-253
-77
-288
-289
-178
-283
-113
-8
-78
-295
-389
-478
-127
-478
-32
-302
6
-123
-440
-224
-338
-90
-430
-211
-118
-307
-386
-414
-160
-205
-240
-234
-195
-12
-428
-486
-478
-55
-497
-419
-325
-8
-131
-455
-244
-155
-350
-454
-427
-73
-293
-249
-215
-313
-482
-153
-199
-135
-414
-492
-480
-317
-98
-54
-201
3
-485
-458
-409
-225
-242
-328
-491
-249
-144
-247
-257
-83
-440
-117
-411
-94
-494
-223
-11
-22
-157
-368
-168
-232
-85
-372
-335
-277
-187
-461
-367
-214
-213
-396
-39
-129
-236
-451
-275
-281
-339
-270
-252
-160
-365
-399
1
-247
-153
-266
-352
-458
-49
-114
-466
-154
-338
-130
-277
-365
-24
-378
-217
-469
-23
-424
-465
-229
-85
-54
-165
-39
-465
-205
-187
-128
-407
-169
-463
-294
-35
-256
-120
-280
-298
-376
-444
-126
-240
-371
-278
-453
-418
-111
-453
-346
-235
-190
-67
-310
-233
-47
-458
-157
-370
-65
-445
-109
-19
-445
-420
-321
-141
-133
-20
-149
-371
-223
-181
-351
-57
-461
-29
-115
-229
-295
-139
-142
-330
-381
-481
-59
-203
-249
4
-211
-220
-111
-80
-272
-180
-314
-76
-48
-303
-498
-75
-224
-154
-455
-328
-167
-453
-369
-223
-240
-412
-129
-81
-220
-322
-433
-32
-331
-42
-123
-147
-251
-21
-84
-336
-175
-75
-169
5
-470
-471
-205
-214
-8
-327
-40
-490
-350
-211
-426
-153
-274
-11
-468
-141
-247
-419
-102
-273
-424
-262
-279
-417
-395
-193
-8
-106
-343
-480
-247
-480
-437
-84
-55
-401
-423
-166
-319
-44
-44
-143
-59
-97
-145
-431
-143
-335
-174
-78
-141
-478
-124
-242
-65
-157
-62
-453
-227
-460
-211
-18
-180
-246
-3
-205
-480
-377
-466
-73
-284
-499
-135
-133
-322
-289
-442
-359
-150
-276
-355
-180
-303
-24
-24
-180
-450
-369
-454
-303
-406
-449
-353
-292
-344
-445
-217
-311
-28
-291
-195
-37
8
-449
-177
-282
-488
-146
-63
-253
-89
-389
-71
-37
-450
-453
3
-69
-389
-319
-129
-354
-425
-496
-341
-36
-212
-269
-122
5
-237
-438
-184
-102
-374
-296
-407
-131
-318
-138
8
-327
-133
-107
-382
-415
-411
-270
-216
-352
-233
-424
-388
-216
-269
-342
-349
-138
-45
-169
-371
-321
-396
-397
-490
-302
-351
-256
-52
-225
-231
-286
-279
-103
-382
-46
-208
-425
-126
-323
-119
-153
3
-30
-313
-238
-158
5
-171
-175
8
-175
-119
-149
-325
-495
-408
-347
-119
-482
-229
-379
-365
-432
-167
-177
-400
-105
-328
-185
-291
-224
-204
-171
-1
-185
-202
-382
-291
-390
-219
-33
-8
-260
-471
-499
-103
-346
-418
-171
-486
7
-100
-267
-97
-146
-374
-436
-55
-290
-420
-304
-88
-444
-182
-145
-94
-259
-185
-263
-69
-214
-354
-493
-284
-255
-139
-175
-195
-305
-298
-323
-331
-263
-152
-491
-436
-64
-431
-491
-50
-81
-325
-405
-294
-106
-372
-444
-15
-492
-160
-347
-282
-378
-214
-452
-66
-287
-122
-44
-26
-232
-352
-123
-349
5
-154
-447
-83
-409
-385
-56
-82
-303
-472
-53
-163
-142
-68
-409
6
-58
-22
-349
-487
-38
-473
-451
-359
-260
-382
-496
-462
-259
-448
-271
-183
-298
-18
-42
-154
-309
-294
-86
-139
-268
-422
-331
-192
-321
-398
-305
-374
-19
-363
-158
-359
-362
-22
-259
-347
-176
-347
-235
-130
-267
-47
-279
-164
-11
-230
-463
-391
-169
-331
-188
-261
-316
-380
-489
-92
-342
-471
-64
-65
-157
-432
-401
9
-332
-11
-331
-241
-498
-329
-308
-208
-66
-213
-329
-293
-371
-21
-210
-262
-471
-165
-384
-149
-423
-10
-193
-53
-236
-364
-112
-299
-444
-33
-24
-250
-50
-171
-318
-382
-269
-473
-90
-57
-285
-401
-199
-67
-206
-253
-383
7
-330
-396
-337
-361
-182
-237
-432
-202
-18
-85
-100
-474
-45
-456
-452
-326
-499
-365
-6
-498
-129
-440
-397
-204
-234
-324
-240
-27
-375
-297
-390
-146
-394
-189
-244
-369
-201
-140
-335
-145
-4
-3
-276
-181
-395
-294
-48
-301
-418
-227
-146
-146
-213
-61
-140
-106
-263
-311
-275
-352
-65
-214
-456
-454
-376
-6
-9
-439
-451
-49
-230
-14
-463
-362
-500
-192
-294
-255
-424
-259
-440
-26
-372
-380
-64
-263
-414
9
-134
-285
-166
-495
-391
-462
-275
-172
-300
-437
-238
-341
-306
-211
-416
-318
-344
-234
-289
-271
-353
-475
-168
-378
-186
-210
-227
-172
-491
-407
-207
5
-46
-451
-265
-451
-201
-483
-10
-5
-259
-238
-485
-337
-261
-15
-459
-389
-310
-319
-397
-208
-360
-481
-434
-264
-59
-449
-313
-192
-237
-124
-67
-59
-392
-253
-38
-213
-330
-38
-142
-101
-421
-132
-106
-248
-323
-300
-94
2
-149
-401
-39
-484
-20
-162
-404
-283
-305
-405
-269
-208
-264
-368
-376
-185
-302
-479
-7
-262
-353
-401
-329
-379
-396
-263
-489
-99
-430
-192
-131
-320
-474
-477
-322
-336
-416
-474
-346
-290
-476
-187
-230
-243
-400
-19
-146
-267
-25
-330
-216
-302
-448
-475
-340
-70
-436
-334
-497
-110
-263
-285
-201
-373
-293
-423
-168
-157
-158
-376
-98
-187
-219
-374
-225
-87
-210
-147
-163
-247
-137
-36
-154
-251
-169
-212
-62
-191
-146
-252
-242
-135
-86
-112
-437
-201
-484
-11
-98
-340
-351
-378
-159
-30
-170
-24
-341
-320
-287
-6
-333
-320
-182
-103
-39
-367
-391
-413
-341
-29
-247
-333
-316
-295
-486
-340
-164
-63
-253
-208
-79
-281
-284
-448
-59
-248
-459
-371
-193
-72
-462
-477
9
-226
-258
-10
3
-74
-247
-402
-371
-376
-482
-223
-328
5
-381
2
-7
-318
-265
-464
-91
-159
-290
-47
-459
-238
-184
-218
-5
-330
-54
-443
-289
-81
-344
-189
-98
-269
-60
-28
-104
-65
-104
-496
-336
-367
-10
-17
-183
-341
-483
9
-146
-32
-398
-473
-390
-97
-477
-171
-25
-466
-390
-238
-249
-116
-443
-379
-446
-34
-49
-109
-99
-101
-459
-53
-426
-215
-266
-87
-217
-218
-193
-143
-485
-192
-321
-103
-155
-124
-132
-91
-406
-167
-170
-18
-326
-91
-366
-68
-226
-473
-141
-235
-325
-277
-113
-256
-395
-278
-439
-356
-188
-118
-341
-146
-284
-406
-37
-37
-142
-336
-339
-440
-486
-100
-53
-314
-247
-37
-121
-237
-252
-185
-441
-395
-226
-125
-418
-3
7
-355
-425
-249
-328
-276
-461
-281
-137
-477
-234
-143
-475
-402
-494
-275
-251
-123
-165
-465
-145
-181
-346
-330
-177
-213
-242
-90
-479
-254
-340
-34
-402
-145
-173
-356
-335
9
-36
-408
-410
-83
-328
-122
-101
-384
-491
-310
-86
-420
-314
-488
-268
-18
-128
-11
-44
-55
-101
-206
-443
-338
-113
-345
-237
-445
-185
-121
-276
-135
-274
-27
-92
6
-330
-151
-469
-79
-495
-391
-221
-281
-349
-482
-84
-317
-373
-362
-189
-125
-157
-309
-174
-142
-72
-414
-45
-407
-65
-430
-441
-471
-496
-175
-212
-316
-328
-134
-87
-459
-441
-319
-363
-343
-393
-131
-55
-165
-455
-302
-214
-236
-183
-23
-321
-348
-338
-199
-403
-235
-363
-94
-256
-178
-102
-190
-445
-130
-177
-265
-465
-293
-137
-270
-89
-173
-426
-28
-21
-348
-288
-481
-397
-186
-88
-165
-356
-155
-330
0
-24
-77
-494
-233
-145
-264
-154
-315
-144
-385
-462
-354
-474
-218
-373
-467
-199
-182
4
-149
-497
-23
-423
-385
-407
-119
-14
-46
-296
-185
-105
-90
-478
-399
-137
-498
-136
-159
-146
-79
-428
-381
-452
-135
-198
-260
-405
-6
-19
-21
-235
-423
-206
-188
-140
-298
-213
-2
-414
-195
-172
-238
-304
-353
-184
-201
-467
-30
-217
-280
-65
-15
-442
-385
-261
-230
-1
-279
-215
-394
-208
-20
-105
-97
-387
-236
-321
-156
-241
-198
-16
-122
-203
-474
-137
-464
-32
-335
-90
-238
-5
-77
-242
-124
-407
-364
-330
-478
-337
-248
-364
-227
-319
-36
-100
-70
-287
-234
-341
-408
-155
-394
-70
-410
-163
-82
-68
-196
-449
-211
-157
-466
-153
-324
-429
-103
-269
-270
-412
-273
-120
-433
-136
-176
-438
-164
-59
-238
-23
-252
-266
-211
-358
-112
-171
-70
-117
-393
-65
-399
-158
-463
-439
-376
-483
-478
-466
-477
-446
-115
-243
-425
-22
-387
-414
-483
-192
-10
-396
-206
-125
-233
-164
-459
-318
-94
-270
-169
7
-380
-250
-201
-162
-194
-36
-173
-368
-168
-61
-484
-336
-433
-241
-471
-475
-92
-357
-497
-163
-419
-166
-76
-302
-432
-77
-359
-374
-226
-455
-19
-11
-345
-404
-65
-317
-270
-417
-491
-155
-159
-208
-473
-201
-453
-74
-468
-413
-245
-115
-89
-464
-474
-89
-274
-329
-385
-408
-151
-330
-201
-91
-492
-215
-276
-368
-334
-322
-442
-461
-426
-475
-28
-356
-110
-463
-209
-259
-273
-74
-369
-112
-114
-18
-147
-469
-107
-493
-234
-215
-304
-337
-39
-11
-388
-455
-101
-442
-471
-137
-215
-235
-338
-99
-69
-276
-165
-369
-437
-90
-449
-147
-372
-414
-313
-93
-151
-160
-370
-335
-176
-363
-63
-42
-314
-474
-256
-90
-71
-211
-123
-179
-192
-68
-158
-491
5
-437
-168
-7
-50
-38
-459
-26
-255
-428
-298
-125
-432
-435
-92
-31
-315
-276
-290
-247
-32
-347
-162
-34
-15
-85
-120
-189
-397
-52
-146
-299
-13
-236
-407
-44
-467
-358
-36
-215
-491
-205
-348
-430
-211
-305
-183
-492
-79
-279
-253
-97
-317
-448
-455
-315
-421
-66
-220
-264
-193
-88
-438
-71
-411
-206
-357
-263
-30
-431
-250
-228
-469
-205
-291
-485
-317
-324
-48
-318
-278
-398
-28
-62
-384
-94
-182
-51
-413
-463
-26
-355
2
-249
-151
-267
-177
-259
-260
-240
-365
-238
-25
-391
-17
-252
-40
-51
-434
-222
-414
-82
-137
-122
-397
-431
-62
-338
-356
-451
-216
-57
-198
-3
7
-356
-436
-479
-343
-172
-78
-293
-205
-102
-182
-359
-71
-446
-342
-206
-302
-228
-256
-291
-58
-54
-370
8
-350
-233
-430
-35
-325
-43
-446
-27
-117
-279
-213
-273
-458
-144
-402
-345
-485
-244
-418
-397
5
-403
-494
-312
-198
-314
-327
-213
-259
-138
-127
-199
-287
-103
-5
-83
-198
-140
-495
-257
-235
-413
-306
-165
-431
-448
-174
-158
-184
-354
-407
-338
-195
-480
-18
-75
-313
-439
-393
-94
-213
-306
-142
-49
-261
-129
-330
-16
-497
-203
-317
-105
-308
-459
-119
-220
-259
-332
-198
-73
-148
-90
-312
-82
-90
-20
-141
-432
-72
-196
-352
-73
-440
-301
-54
-156
-266
-4
-285
-385
-41
-456
-60
-463
-399
-369
-188
-237
-369
-123
-237
-447
-432
-187
-329
-219
-82
-185
-4
-367
-349
-119
-344
-490
-486
-441
-308
-332
-476
-75
-238
-45
-5
-188
-30
-69
-308
-248
-214
-256
-349
-179
-24
-378
-259
-204
-352
-108
-450
-373
-86
-51
-291
-462
-10
-291
-139
-393
-445
-404
-301
-169
-59
-69
-485
-400
-375
-150
-120
-251
-287
-343
-105
-306
-408
-289
-121
-195
-215
-487
-169
-57
-452
-90
-384
-367
-95
-161
-120
-48
-8
-110
-245
-204
-152
-226
-383
-443
-388
-124
-403
-440
-299
-159
-330
-11
-288
-351
-41
-264
-121
-237
-15
-260
-278
-403
-43
-53
-450
-428
-336
-494
-253
-159
-295
-273
-413
-80
-446
1
-140
-54
-210
-473
-318
-118
-21
-233
-460
-432
-181
-108
-486
-179
-337
-425
-497
-394
-25
-367
-324
-73
-374
-278
-127
-55
-133
-106
-34
-213
-293
-473
-402
3
-8
-432
-396
-130
-272
-209
-281
-13
-250
-157
-295
-258
-377
-492
-156
-365
-21
-442
-224
-422
-309
-292
-321
-384
-4
-462
-445
6
-351
-11
-484
-242
-271
-444
-21
-86
-42
-318
-24
-440
-154
-85
-446
-86
-377
-377
-321
-235
-433
-190
-284
-341
-471
-313
-220
-55
-317
-71
-366
-368
-5
-305
-389
-461
-245
-351
-384
-406
-470
-455
-344
-348
-298
-124
-429
-9
-337
-315
-199
-324
-109
-317
-155
-446
-287
-87
8
-155
-114
-378
-224
-407
-489
-266
-413
-455
-291
-129
-356
-255
-160
-166
-478
-187
-104
-461
-17
-378
-286
-13
-220
-113
-111
-43
-362
-126
-454
-123
-203
-15
-348
-255
-78
-23
-236
-423
-284
-199
-372
-133
-107
-182
-284
-139
-445
-101
-266
-472
9
-451
-12
-435
-246
-399
-5
-245
-375
-83
-211
-305
-282
-239
-242
-286
-261
-162
-429
-73
-431
-158
-16
-166
-385
-10
-442
-273
-421
-384
-260
-84
-481
-67
-384
-397
-497
-180
-244
-60
-76
-351
-402
-491
-388
-452
-435
-38
-16
-400
-481
-225
-447
-336
-264
-406
-141
-191
-210
-284
-157
-450
-210
-335
-328
-119
-122
-464
-202
-174
-85
-307
-133
-448
-102
-77
-13
-348
-184
-285
-225
-339
-292
-377
1
-219
-61
-90
-267
-490
-195
-290
-298
-140
-207
-109
-332
-405
-464
-23
-344
-391
-284
-350
-22
-25
-404
-478
-184
-319
-423
-322
-481
-110
-42
-365
-89
-244
-261
-56
2
-194
-455
-466
-251
-19
-349
-207
-153
-322
-244
-447
-488
-231
-360
-279
-5
-472
-244
-233
-338
-446
-198
-354
-149
-26
-177
-93
-371
-246
-79
-324
-342
-248
-250
-116
-63
-33
-339
-386
-454
-135
-355
-135
-428
-227
-181
-429
-59
-349
-399
-110
-284
-365
-276
-120
-65
-306
-477
-340
-183
-127
-149
-244
-237
-203
-495
-345
-324
-452
-399
-285
-459
-64
-319
-433
-24
-260
-469
-81
-315
-22
-338
-136
-333
-172
-83
-318
-51
-285
-336
-258
-465
-377
-155
-40
-465
-254
-219
-450
-192
-2
-203
-394
-68
-58
-59
-112
-173
-378
-133
-224
-489
-482
-230
-209
-345
-76
-100
-223
-25
-32
-105
-117
-228
-489
-280
-110
-483
-70
-102
-268
-320
-3
-255
-163
-198
-353
-41
-449
-270
-71
-274
-250
-13
-150
-348
-482
-29
-60
-434
-132
-193
-77
-150
-450
-81
-313
-472
-112
-486
-69
-129
-431
-124
-384
-351
-126
-348
-451
3
-344
-130
-435
-447
-358
-462
-62
-53
-326
-176
-268
-455
-172
-322
-136
-159
-477
-74
-287
-435
-468
-142
-219
-498
-143
-496
-496
-109
-102
-170
-234
-258
-152
-189
-422
-497
-375
-324
-12
-466
-421
-141
-464
-351
-120
-54
-354
-428
-211
-149
7
-476
-351
-287
-200
-362
-93
-181
-444
-315
-131
-494
-186
-77
-377
-78
-337
-198
-348
-422
-466
-182
-414
-397
-198
-435
-55
-469
-362
-75
-303
-411
-306
-449
-149
-318
-83
-188
-465
-379
-343
-37
-439
-13
-310
-61
-290
-117
-102
-316
-188
-467
-111
-375
-202
-77
-257
-252
-95
-386
8
-377
-499
-306
-295
-294
-384
-163
-356
-177
-431
-344
-41
-444
-367
-23
-119
-484
-209
-379
-138
4
-304
-64
-60
-364
-407
-314
-177
-357
-420
-245
-446
-76
-483
-95
-343
-157
-362
-284
-312
-79
-154
-235
-350
-228
-153
-31
-14
-11
-183
-63
-438
-85
-261
-231
-48
-202
-185
-206
-149
-97
-70
-125
-52
-63
-94
-79
-93
-372
-418
-85
-348
-430
-208
-217
-137
-454
-93
-334
-15
-422
-444
-281
-475
-226
-197
-467
-119
-71
-401
-483
-404
-10
-208
-388
-65
-219
-26
-124
-46
-186
-107
-195
-383
-281
-215
-307
-411
-99
-61
-334
-441
-405
-254
-259
-24
-271
-275
-309
-54
-379
-257
-186
8
-383
-372
-140
-362
-356
-378
-16
-356
-8
-52
-133
-371
-461
-269
-221
-377
-402
-222
-219
-149
-287
-156
-410
-261
-7
-142
-26
-269
-196
-199
-16
-254
-16
-258
-395
-497
-458
-341
-455
-249
-318
-324
-115
-303
-344
-437
-304
-71
-31
-357
-381
-477
-479
-258
-122
-438
-67
-322
-349
-62
-478
-196
-11
-349
-305
-498
-82
-421
-414
-190
-111
-417
-64
-424
-328
-94
-300
-498
-369
-415
-439
-172
-227
-243
7
-74
-47
-409
-372
-333
-89
-383
-110
-106
-476
-437
-491
-465
-460
-127
-135
-53
-402
-386
-231
-403
-297
-198
-480
-329
-149
-246
-223
-400
-34
-182
-97
-109
-460
-302
-67
-231
-500
-39
-276
-447
-355
-96
-413
-408
-202
-10
-42
-130
-131
-169
-397
5
-307
-320
-148
-255
-86
-231
-40
-150
-347
-307
-134
-451
-489
-139
-479
-60
-415
-31
-468
-367
-430
-246
-176
-180
-173
-313
-439
-164
-331
-333
-368
-147
-441
-286
-79
-405
-464
-66
-84
-251
-42
-483
-291
-488
-34
-495
-234
-367
-33
-278
-96
-425
-371
-287
-247
-250
-228
-409
-458
-248
-489
-140
-236
-158
-240
-298
-434
-422
-302
-395
-478
-127
-348
-271
-492
-123
-347
-215
-53
-195
-181
-338
-23
-55
-401
-389
-268
-397
-60
-400
-356
-338
-411
-201
-122
-84
-59
-438
-376
-337
-178
-238
-323
-456
-127
-130
-165
-178
-218
-365
-258
-284
-53
-398
-239
-196
-23
-91
-293
-126
-454
-63
-17
-470
-197
-409
-454
-332
-362
-466
-490
-431
-46
-252
-437
-363
-427
-13
-433
-148
-195
-320
-152
-341
-212
-257
-338
-239
-14
-350
-499
-6
-364
-428
-313
-482
-449
-275
-67
-316
-30
-297
-152
-89
-15
-493
-250
-435
-289
-262
-30
-450
-27
-156
-348
-368
-356
-487
-370
-23
-246
-169
-154
-377
-267
-427
-19
-286
-356
-321
-68
-417
-101
-254
-391
-302
-335
-139
-12
-441
-249
-159
-83
-203
-443
-465
-214
-146
-359
-183
-155
-459
-480
-286
-145
-398
-170
-277
-93
-469
-478
-422
-223
-204
-177
-265
-21
-16
-489
-393
-358
-489
-16
-330
0
-484
-372
-199
-211
-396
-300
-339
-325
-177
-204
-30
9
-157
-437
-270
-465
-74
-54
-308
-431
-268
-474
-79
-45
-126
-91
-130
-2
-446
-429
-95
-160
-149
-143
-330
-106
-102
-237
-147
-36
-84
-83
-381
-27
-369
-120
-329
-310
-18
-347
-332
-464
-190
-428
-355
-175
-204
-86
-278
-94
-370
-477
-474
-244
-55
-120
-153
-132
-79
-262
-477
-149
-148
-15
-359
-234
-438
-217
-499
-76
-429
-282
-208
-204
-477
-53
-181
-57
-231
-42
-477
-486
-16
-359
-362
-481
-13
-219
-239
-151
-282
-372
-402
-156
-308
-351
-194
-240
-172
-322
-249
-319
-422
-130
-114
-246
-416
-378
-15
-447
-490
-453
-312
-197
-191
-464
-491
-355
-479
-146
-21
-99
-62
-47
-213
-397
-115
-362
-192
-192
-369
-438
-187
-231
-279
-202
-84
-295
-432
-107
-53
-96
-232
-161
-498
-245
-279
-129
-323
-202
-471
-259
-30
-216
-199
-456
-96
-147
-386
-279
-97
-353
-387
-221
-407
-102
-429
-100
-445
-65
-154
-238
-338
-337
-467
-131
-316
-218
-378
-346
-63
-186
-392
-347
-203
-332
-109
-48
-496
-474
-211
-472
-314
-294
-186
-95
-329
-221
-143
-39
-486
-373
-423
-372
-360
-94
-122
9
-422
-450
-441
-206
7
-98
5
-48
-326
-441
-281
-38
-355
-70
-115
-420
-313
-435
-277
-147
-95
-493
-178
-258
-74
-303
-124
-172
-85
-388
-108
-349
-88
-452
-441
-34
-284
-21
-232
1
-468
-346
-25
-257
-129
-228
-121
-449
-358
-328
-350
-216
-164
-492
-60
-234
-181
-68
3
-246
-218
-135
-379
-69
-283
-107
-256
-215
-67
-307
-244
-310
-437
-216
4
-263
-347
-264
-227
-3
-394
-254
-203
-39
-487
-292
-336
-360
-185
-67
-485
-179
-218
-233
-231
-253
-361
-231
-205
-456
-102
-335
-500
-475
-499
-39
-17
-44
-145
-432
2
-232
-422
-305
-103
-454
-413
-431
-91
-300
-237
-383
-109
-341
-121
-461
-416
-273
-248
-399
-202
-421
-23
-224
-343
-499
-13
-6
-201
-363
-370
-389
-415
-489
-397
-278
1
-266
-264
-138
-471
-203
-340
-129
-242
-330
-38
-450
-432
-310
-222
-392
-286
-91
-394
-335
-465
-57
-397
-356
-282
-40
-445
-88
-18
-100
-49
-415
-188
-381
-364
8
-34
-7
-227
-170
-111
-50
-32
-427
-176
-360
-60
-374
-372
-404
-267
-338
-81
-341
-92
-173
-452
-249
-387
-496
-329
-29
-397
-465
-410
-476
-84
-312
-2
-335
-407
-157
-65
-398
-314
-251
-181
-29
-70
-37
-329
-365
-72
-383
-198
-59
-419
-186
-30
-40
-309
-178
-453
-77
-74
-26
-36
-242
-485
-408
-67
-284
-163
-363
-104
-468
-425
-451
-166
-87
-168
-77
-142
-248
-173
-398
-452
-481
-84
-299
-412
-13
-381
-264
-397
7
-304
-15
-440
-469
-308
-355
-279
-81
-495
-140
-204
-11
-468
-345
-380
-134
9
-175
-26
-285
-424
-299
-61
-112
-253
-24
-430
-273
-39
-492
-480
-373
-269
-116
-205
-236
-393
-273
-71
-200
-232
-420
-226
-3
-8
-484
-85
-53
-492
-92
-176
-23
-305
-451
-405
-326
-120
-261
-25
-84
-8
-148
-173
-390
-84
-141
-415
-340
-332
-19
-61
-139
-424
-455
1
-431
-223
-419
-35
-405
-127
-355
-334
-305
-168
-342
-175
-111
-15
-234
-493
-418
-69
-187
-443
-162
-4
-149
-316
-333
-139
-140
-479
-484
-486
-391
-487
-71
-325
-204
-179
-478
-442
-375
-443
-81
-214
-188
-314
-212
-371
-165
-379
-367
-311
-406
-14
-481
-14
-386
-282
-169
-401
-188
-131
-207
-327
-459
-131
-269
-46
-415
-101
-256
-465
-235
-459
7
-367
-360
-45
-259
-393
-367
-163
-141
-346
-283
-338
-13
-291
-113
-401
-450
-328
-309
-213
-88
-447
-179
-329
-84
-343
-113
-472
-382
-293
-294
-271
-470
-221
-120
-460
-215
-321
-184
-473
-58
-85
-398
-195
-275
-473
-146
-311
-325
-197
-162
-388
-182
-87
-461
-345
-249
-111
-232
-363
-348
-484
-68
-28
-205
-26
-401
-304
-432
-216
-107
-275
-110
-244
-235
-226
-306
-269
-99
-144
-446
-91
-159
-432
-398
-470
-345
-493
-262
-461
-58
-207
-144
-403
-166
-24
-212
-89
-44
-190
-499
-171
-268
-291
-476
-373
-82
-99
-120
-390
-168
-220
-444
-283
-221
-317
-282
-215
-365
-399
-13
-200
-469
-294
-92
-273
-410
-450
-53
-306
-395
-48
-248
-80
-107
-13
-122
-71
-119
-457
-28
-275
-245
-451
-107
-393
-138
-107
-119
-259
-495
-249
-44
-63
-296
-324
-167
-347
-470
-103
-210
-246
-477
0
-95
-483
-197
-208
-387
-130
-18
-61
-440
-499
-248
-488
-421
-99
-302
-296
-253
-25
-307
-7
-411
-8
-303
-115
-178
7
-57
-188
-451
-157
-484
-17
-109
-488
-238
-407
-356
-398
-359
-142
-261
-49
-222
-381
-233
-147
-21
-55
-104
-233
-478
-210
-385
-22
-164
-66
-500
-387
-165
-480
-108
-146
-43
-126
-198
-433
-379
-44
-430
-275
-68
-254
-168
-132
-430
-82
-244
-116
-494
-146
-80
-459
-122
-456
-174
-77
-287
-257
-55
-458
-139
-461
-209
-274
-465
-500
-355
-277
-382
-154
-406
-303
-277
-62
-400
-148
-276
-76
-456
-132
-293
-274
-140
-260
-438
-299
-88
-424
-119
-111
-350
-384
-425
-83
-356
-398
-400
-156
-432
-246
-243
-262
-490
-107
-248
-398
-444
-234
-215
-249
-446
-221
-4
-120
-318
-282
-316
-367
6
-285
-489
-445
4
-104
-379
-392
-132
-161
-223
-477
-55
-77
-281
-486
-442
-287
-110
-4
-343
-34
-400
-318
-36
-127
-197
-5
-15
-412
-298
-2
-316
-388
-62
-167
-269
-21
-375
-196
-263
-365
-426
-128
-2
-156
-148
-208
-1
-9
-481
-407
-213
-67
-242
-488
-213
-441
-461
-4
-101
-90
-481
-439
-253
-14
-13
-356
-209
-99
-461
-38
-211
-129
-307
-79
-78
-496
-50
-294
-423
-31
-119
-128
-67
-383
-292
-296
-336
-60
-466
-368
-468
-260
-466
-281
-452
-25
-214
-31
-135
-22
-455
-88
-374
-108
-426
-303
-156
-359
-431
-447
5
-30
-179
-291
-238
-260
-33
-311
-124
-13
-402
-272
-358
-196
-425
-482
-49
-381
-401
-226
-333
-221
-387
-292
-292
-235
-297
-324
-436
-27
-445
-89
-78
-446
-50
-186
-120
-250
-259
-348
-193
-51
-175
-184
-19
-413
-129
-403
-347
-201
-102
-457
-290
-335
-80
-182
-126
-183
-208
-450
-374
-41
-495
-59
-431
-451
-57
-429
-55
-138
-178
-285
-208
-311
-298
-131
-246
-433
-7
-485
-35
-11
-373
-388
-203
-117
-453
-34
-305
-427
-177
-14
-368
-441
-254
-143
-46
9
-443
-392
-135
-228
-464
-410
-38
-370
-398
-467
-347
-390
-198
-494
-101
-463
-46
-278
-310
-299
-143
-294
-149
-268
-74
-309
-93
-283
-47
-456
-444
-422
-364
-192
-253
-495
-186
-410
-19
-347
-49
-231
-99
-136
-26
-230
-263
-37
-333
-96
-217
-339
-201
-40
-301
-266
-287
-477
-39
-307
-227
-9
-166
-298
-196
-281
-157
-238
-496
-105
-457
-479
-108
-456
-47
-471
-45
-36
-412
-257
-203
-180
-132
-360
-135
-386
-358
-388
-135
-171
-301
-180
-419
-358
-79
-232
-438
-451
-170
-261
-51
-281
-297
-167
-367
-27
-31
-393
-271
-10
-262
-106
-423
-450
-396
-256
-423
-124
-140
-46
-85
-222
-473
-77
-388
-86
-315
-496
9
-44
-473
-273
-431
-377
-24
-409
-340
-288
-276
-397
-132
-468
-136
-218
-177
-229
-221
-413
-174
-255
-466
-373
-386
-337
-154
-18
-22
-7
-331
-485
-350
-120
-452
-342
-132
-110
-141
-76
-310
-388
-311
-32
-151
-160
-469
-273
-500
-469
-354
-330
-198
-42
-159
-211
-301
-485
-392
-418
-262
-180
-131
-401
-286
-444
-390
-398
-163
-14
-128
-98
-341
-344
-328
-204
-424
-206
-45
-294
-317
-36
-308
-362
-327
-1
-499
-390
-288
-421
-274
-206
-6
-279
-83
-108
-10
-310
-300
-280
-198
-489
-112
-474
-398
-457
-351
-457
-120
-126
-113
-430
-108
-222
-270
-38
-34
-303
-160
-334
-334
-25
-55
-47
-321
-414
-253
0
-355
-43
-208
-155
-311
-81
-338
-267
-199
-222
-370
-495
-199
-129
-378
-355
-235
-61
-33
-250
-261
-464
-138
-425
-335
-490
-376
-406
-132
-155
-26
-341
-211
-427
-300
-102
-241
-252
-348
-397
-2
-221
-410
-209
-407
-471
-436
-404
-306
-212
-386
-277
-323
-420
-158
-73
-403
-449
-88
-361
-290
-448
-129
-451
-14
-172
-295
-282
-458
-301
-357
-437
-90
-366
-127
-306
-336
-101
-421
-375
-425
-175
-240
-48
-500
-394
-81
-261
-113
-482
-390
-288
-394
-484
-447
-299
-346
-451
-288
-33
-466
-200
-417
-475
-163
-427
-458
-280
-372
-443
-79
-453
-297
8
-345
-106
-404
9
-47
-383
-312
-391
-68
-208
3
-283
-418
-144
-295
-80
-362
-120
-451
-402
-152
-266
-438
-47
-94
-102
-203
-152
-253
-481
-68
-453
-304
-156
-418
-253
-35
-497
8
-340
-327
-108
-452
-66
-442
-118
-245
-52
-428
-500
-126
-497
-340
-319
-467
-232
-221
-432
-171
-404
-328
-127
-345
-316
-421
-202
-87
-224
-61
-251
-329
-452
-228
-359
-115
-286
-496
-319
-275
-257
-264
-272
-404
-350
-224
-427
-399
-322
-450
-29
-12
-403
-500
-473
-204
-277
-373
-18
-292
-63
-259
-145
-24
-368
-368
-61
-384
-272
-431
-54
-123
-291
-335
-370
-59
-114
-240
-321
-58
-369
-258
-256
-200
-299
-394
-242
-378
-132
-69
-213
-308
-215
-385
-298
-94
-50
-176
-437
-317
-490
-353
-255
-432
-333
-160
-176
-488
-350
-296
-310
-201
-139
-102
-404
-455
3
-311
-302
-164
-104
-257
-314
-109
-182
-209
-473
-349
-147
-265
-2
-54
-109
-197
-27
-468
-431
-235
-316
-150
-37
-350
-335
-356
-276
-188
-145
-257
-138
-35
-38
-280
-178
-63
-25
-308
-111
-485
-212
-38
-390
-382
-471
-333
-133
-428
-279
-458
-27
-13
-455
-183
-364
-380
-110
-255
-146
-299
-260
-266
-6
-253
-1
-148
-447
-395
-168
-178
-432
-265
-357
-266
-414
-318
-196
-490
-246
-362
-374
-42
-80
-395
-368
-385
-468
-472
-210
-499
-415
-381
-194
-244
-423
-98
-182
-209
-387
-222
-139
-385
-388
-127
-228
-73
-253
-336
-304
-130
-368
-433
-311
1
-53
-128
-244
-92
-327
-373
-13
-388
-77
-221
-478
-38
-479
-435
-144
-482
-167
-461
-179
-342
-134
-81
-57
-230
-140
-388
-64
-458
-152
-395
-356
-253
-199
-360
5
-499
-342
-419
7
-114
-342
-350
-108
-72
-121
-334
-459
-41
-321
-142
-492
-403
-289
-283
-80
-214
-404
-328
-408
-346
-227
-319
-280
-105
8
-407
-358
-142
-326
-258
-243
-288
-74
-274
-259
-239
-50
-225
-32
-286
-204
-465
-128
-109
-286
-94
-381
-273
-366
-294
-448
-68
-106
-453
-61
-342
-73
-147
-212
-405
-117
-425
-457
-443
-52
-67
-69
-273
1
-121
-175
-224
-278
-381
-111
-98
-88
-462
-276
-234
-284
-191
-207
-381
-411
-298
-462
-153
-158
-361
-193
-399
-132
-457
-425
-71
-310
-160
-180
-261
-425
-166
-132
-135
-279
-148
-226
-20
-300
-285
-239
-335
-464
-260
-186
-364
-127
-456
-218
-398
-2
-155
-2
-49
-111
-357
-75
-189
-315
-156
-316
-110
-465
-470
-474
-13
-261
-6
-241
-485
-449
-436
-258
-481
-485
-4
-89
-300
-144
-211
-162
-380
-486
-28
-307
-63
-334
-316
-302
-471
-79
-341
-244
-467
-287
-193
-218
-357
-352
-253
-298
-337
-393
-355
-137
-108
-213
-205
-464
-486
-422
-151
-397
-415
-229
-291
-159
-161
-213
-309
-354
-104
-230
-5
-462
-5
-351
-257
-269
-468
-377
-179
-325
-212
-454
-422
-467
-157
-362
-229
-138
-384
-471
-435
-222
-168
-217
-131
-351
-182
-322
-51
-252
-289
-46
-427
-323
-378
-275
-360
-466
-33
-255
-358
-254
-452
-412
-273
-282
-90
-367
-338
-145
-192
-40
-123
-168
-467
-55
-498
-249
-73
-461
-319
-27
-47
-485
-230
-476
-179
-333
-43
-240
-424
-342
-67
-406
-23
-427
-362
-152
-159
-412
-293
-178
-346
-63
-132
-492
-273
-356
-101
-129
-376
-70
-458
-6
-107
-199
-214
-167
-67
-433
-474
-91
-475
-76
-277
-264
-33
-251
-361
-27
-382
-9
-76
-52
-213
-456
-61
-29
-416
-257
-227
-323
-275
-306
-436
-169
-497
-269
-217
-127
-275
-424
-112
-113
-455
-158
-10
-47
-98
-49
-167
-45
-366
-22
-243
-424
-322
-88
-232
-497
-448
-259
-300
-488
-167
-422
-381
-276
-155
-379
8
-206
-19
-428
-489
-282
-438
-167
-354
-151
-434
-116
-456
-87
-178
-159
-305
-67
-364
-355
-419
-45
-202
-276
-365
-298
-177
-7
-457
-357
3
-199
-145
-474
-159
-90
-277
-352
-158
-103
-76
-42
-144
-52
-177
-452
-434
-33
-464
-499
-10
-296
-206
-72
-72
-281
-383
-318
-450
-45
-86
-121
-461
-367
-138
-338
2
-203
-426
-57
-57
-93
-322
-404
-18
-13
-69
-402
-74
-433
-312
-137
-419
-286
-348
-331
-349
-78
-55
-455
-444
-292
-493
-178
-463
-448
-327
-217
-57
-338
-50
-402
-105
-8
-399
-71
-44
-320
-374
-347
-407
-53
-34
-387
-488
-463
-177
-489
-476
-231
-446
-180
-333
-162
-248
-431
-424
3
-69
-56
-181
-430
-207
-107
-373
-54
-195
-352
-161
-471
-405
-54
-49
-39
-405
-104
-421
-62
-466
-392
-394
-257
-374
-145
-105
-44
-253
6
-457
-230
-205
-474
-487
-194
-380
-180
-120
-137
-130
-117
-264
-442
-415
-389
-145
-233
-103
-166
-179
-395
-261
-451
-200
-341
8
-416
-293
-340
-25
-413
-262
-235
-423
-80
-385
-6
1
-403
-34
-481
-383
-280
-32
-193
-331
-98
-461
-388
-271
-246
-117
-480
-316
-458
-296
-121
-54
-292
-129
-20
-390
-267
-163
-231
-161
-44
-165
-298
4
-459
-345
-367
-111
-206
-315
-110
-232
3
0
-264
-2
-448
-450
-241
-54
-355
-165
-59
-293
-257
-394
-96
-337
-453
-370
-254
-481
-303
-373
-116
-188
-465
-279
-75
-217
-292
-463
-449
-337
-443
-47
-305
-180
-426
-159
-49
-146
-174
-489
-124
-359
-493
-471
-399
-47
-443
-370
-228
-162
-53
-302
-285
-274
-443
-293
-397
-355
-119
-181
-109
-119
-63
-472
-438
-488
-88
-427
-50
-255
-474
-307
-179
-311
-137
-498
-121
-261
-82
-70
-464
-252
-435
6
-37
-214
-150
-221
-292
-492
-343
-247
-27
-380
-256
-91
-368
-180
-152
-488
-190
-285
-457
-14
-132
-58
-35
-311
-87
-316
-143
-10
-44
-177
-470
-190
-317
-281
-337
-8
-77
-74
-279
7
-239
-328
-438
-455
-294
-147
-126
-316
-91
-370
-193
-53
-355
-477
-25
-309
-100
-163
-53
-140
-359
-392
-264
-108
-439
-40
-243
-500
-103
-53
-165
-427
-209
-425
-282
-25
-54
-137
-48
-307
-355
-173
-461
-33
-271
-76
-477
-292
-156
-92
-272
6
-440
-439
-175
-240
-343
-450
-266
-10
-459
-329
-102
-347
-143
-227
-461
-290
-330
-493
-215
-290
-392
-198
-425
-419
-323
-376
-427
-71
-24
-367
-291
-2
-258
-114
-36
-298
-279
-112
-122
-22
-142
-31
-270
-18
-322
-320
-323
-217
-356
-468
-299
-282
-71
-100
-284
-273
-451
-463
-331
-420
-50
-58
-379
-324
-97
-151
-153
3
-13
-8
-334
-367
-396
-391
-395
-61
-290
-304
-138
-116
-11
-284
-353
-340
-193
-67
-180
-235
-281
-293
-46
-27
-212
-110
-338
-297
-459
-208
-7
-71
-144
-301
-241
-79
-455
-471
8
-108
-1
-114
-83
-156
-116
-313
-191
-498
-412
-170
-456
-234
-183
-438
-477
-471
-109
-294
-51
-318
-389
-17
-248
-307
4
-340
-390
-157
-264
-215
-453
-353
-51
-163
-407
-313
-274
-189
-38
-107
-205
-375
-285
-386
-167
-120
-189
-115
-96
-19
-352
-139
-321
-357
-102
-314
-294
-180
-80
-373
-195
-455
-6
-477
-22
-176
-288
-390
-210
-415
-64
-209
-388
-166
-179
-290
-324
-256
-489
-150
-315
-383
-43
-4
-372
-445
-354
-264
-453
-332
-375
-369
-357
-472
-226
-491
-113
-419
-472
-267
-56
-92
-80
-316
-168
-261
-245
-500
-242
-57
-343
-117
-462
-403
-488
-366
-342
-43
-349
-367
-125
-290
-114
-158
-27
-450
-200
-188
-422
-302
-74
-398
-114
-475
-335
-39
-297
-397
-47
-92
-407
-264
-331
-299
-28
-79
-131
-105
-227
-369
-80
-317
-201
-250
-16
-242
-415
-284
-140
-195
-471
-154
-318
-250
-458
-419
-141
-109
-56
-357
-34
-451
-50
-352
-18
-52
-326
-257
-209
-364
-104
-317
-352
-346
-102
-394
-382
-450
-68
-493
-102
-271
-137
-83
-448
-446
-309
-267
-474
-493
-156
-223
-81
-399
-188
-22
-229
-163
-56
-294
-343
-294
-184
-115
-14
-98
-208
-228
-14
-29
-426
-221
-182
-127
-420
-168
-268
-330
-32
-66
-281
-152
-32
-59
-46
-163
-198
-161
-27
-311
-420
-22
-465
-346
-424
-216
-423
-312
-296
-401
-400
3
-263
-84
-120
-263
-310
-299
-28
-7
-87
-261
-289
-442
5
-37
-80
-236
-77
-397
-251
-146
-135
-415
-138
-349
-270
-122
-56
-283
-476
-252
-203
-458
-466
-339
-291
-365
-175
-49
-134
-186
-37
-49
-417
-458
-344
-373
-470
-245
-101
-198
-187
-175
-454
-408
-487
-355
-473
-488
-177
-430
-472
-50
-160
-233
-184
-214
-191
-439
-303
-284
1
-155
-154
-158
-43
-188
-42
-234
-434
-350
-210
-484
-469
-359
-461
-365
-458
-405
-203
-140
-8
-85
-223
-445
-145
-124
3
-227
-445
-165
-178
-309
-361
-60
-426
-337
-341
-482
-400
-344
-354
-251
-11
-304
-321
-216
1
-498
-488
-78
-140
-145
-90
-150
-182
-136
-236
-180
-362
-203
-158
-3
-155
-322
-381
6
-29
-368
-381
-189
-29
-322
-69
-486
-243
-403
-109
-78
-117
-57
-361
-438
-109
-212
-264
-25
-219
-185
-88
-111
-95
-318
-145
-238
-7
-261
-468
-223
-130
-419
-308
-85
-414
-383
-350
-25
-114
-418
-175
-461
-490
-36
-447
-135
-50
-302
-139
-113
-316
-167
-157
-462
-145
-42
-306
-371
-198
-86
-114
-103
-140
-19
-228
-220
-479
-98
-499
-308
-65
-415
-215
-365
-440
-200
-405
-156
-336
-288
-423
-317
-262
-400
-148
-141
-294
-353
-391
-345
-347
-237
-377
-83
-194
-326
3
-6
-486
-179
-186
-478
-286
-270
-180
-37
-159
-306
-405
-120
-292
-147
-35
-68
-359
-36
-139
0
-118
-459
-181
-216
-165
-271
-87
-11
-129
-70
-41
-391
-432
-311
-222
-407
-444
-210
-346
-167
-11
-300
-36
-498
-48
-290
-325
-489
-395
-420
-451
-253
-120
2
-128
-452
-310
-161
-250
-442
-43
-100
-267
-15
-36
-13
-208
-51
-136
-243
-54
-109
-216
-344
-94
-345
-283
-251
-410
-57
-158
-242
-442
-28
-27
-203
-262
-384
-161
-353
-322
-3
-343
-387
-259
-309
-325
-350
-403
-325
-269
-451
-335
-455
-223
-16
-302
-50
-199
-478
-54
-382
-310
-160
-378
-319
-416
-284
-432
-473
-276
6
-212
-352
-383
-358
-59
-311
-98
-193
-137
-281
-77
-242
-16
-10
-406
-500
-379
-475
-293
-453
-137
-179
-139
-301
-254
-424
-335
-338
-169
-311
-312
-434
-390
-373
-490
-413
-284
-370
-272
-290
-23
-494
-230
-225
-43
-109
-232
-335
-9
-85
-293
-235
-466
4
-58
-36
-348
-67
-70
-439
-117
-196
-175
-20
-43
-282
-40
-473
-199
-47
4
-427
-257
-153
-498
-301
3
-98
-234
-217
-68
-299
-340
-94
-77
-155
-207
-260
-34
-147
-326
-220
-132
-49
-156
-16
-390
-491
0
-45
-152
-297
-215
-352
-255
-114
-182
-165
-422
-500
-74
-87
-312
-244
-432
-265
-438
-107
-233
-248
-316
-268
-445
-274
-471
-295
-13
-177
-140
-8
-176
-165
-483
-185
-477
-244
-115
-14
-353
-8
-499
-22
-155
-478
-131
-70
-306
-477
-115
-249
-430
-393
-67
-25
-326
-213
-350
-437
-488
-403
-211
-461
-374
-142
-289
-84
-209
-197
-440
-222
-462
-42
-154
-425
-10
-412
-176
-348
-152
-409
-458
-357
-258
-391
-398
-14
-478
-491
-491
-105
-442
-141
-405
-231
-179
-3
-253
-109
-421
-108
-29
-347
-443
-75
-440
-194
-358
-336
7
-300
-400
-398
-376
-402
-147
-456
-428
-62
-485
-327
-135
-452
-352
-117
-397
-87
8
-227
-252
2
-177
-164
-175
-466
-305
-108
-430
-102
-244
-175
-217
-51
-469
-103
-342
-191
-389
-259
-245
-469
-69
-65
-63
-189
-68
-217
-476
-25
-213
-499
-177
0
-381
-94
-402
-356
-384
-500
-141
-159
-136
-402
-498
-192
-150
-427
-262
-261
-455
-231
-173
-182
-424
-176
-378
-245
-176
-457
-484
-352
-447
-463
-239
-218
-196
-14
-493
-285
-67
-85
-6
-379
2
-494
-121
-275
-475
-491
-399
-351
-114
-221
-146
-387
-128
-381
-384
-55
-109
-443
-434
-397
-28
-413
-205
-5
-22
-296
-129
-236
-218
-51
-498
-357
-193
-26
4
-499
-329
-370
-414
-42
-319
-205
-448
-312
-112
-142
-117
-387
-449
-70
-112
-345
-85
-53
-340
-166
-74
-209
-323
-354
-268
-317
-305
-284
-125
-444
-387
-405
-175
-470
-153
-26
-341
-398
-189
-227
-369
-196
-330
-51
-254
-233
-55
-367
-321
-103
-442
-464
-417
-215
-342
-83
-231
-249
-473
1
-290
-466
-12
-391
-261
-392
-73
-248
-150
0
-86
-138
-323
-320
-163
-66
-481
-158
-373
-388
-437
-208
-156
-430
-390
-461
-116
-309
-470
-54
-279
-212
-81
-151
-263
-209
-166
-204
-188
-366
-430
-10
-22
-345
-408
-170
-250
-328
-329
-209
-222
-420
-282
-434
-468
-28
-187
-153
4
-94
-379
-433
-323
-335
-152
-271
-112
-345
-395
-313
-209
-329
-113
-139
-457
-377
-354
-398
-483
-180
-162
-314
-184
-355
-282
-78
-163
-290
-44
-446
-204
-199
-196
-290
-30
-351
-135
-307
-495
-212
-258
-258
-43
-481
-187
-386
-310
9
-484
-399
-481
-74
-457
-490
-73
-38
-7
-338
-381
-210
-43
-63
-67
-226
-306
-391
-214
-265
-8
-459
-183
-346
-406
-38
-197
-110
-94
-70
-449
-377
-373
-409
-171
-110
-241
-478
-183
-55
-42
-52
-419
-168
-30
-471
-480
-50
-417
-142
-327
-397
-404
-144
-206
-367
-318
8
-390
-183
-456
-78
-370
-233
-88
-415
-482
-469
2
-39
-384
-438
-109
-62
-246
-300
-183
-155
-224
-393
-325
-492
-370
-283
-435
1
-83
-275
-305
-90
-259
-40
-419
-314
-52
-278
-185
-488
-26
-114
-280
-321
-415
-236
-4
-228
-198
-41
-18
-122
-410
-215
-93
-472
-111
-288
-11
-121
-360
-391
-77
-14
-194
-323
-401
-320
-499
-231
-252
-315
-469
-423
-300
-47
-276
-15
-115
-442
-151
-44
-209
-294
-173
-405
-255
-367
-484
-473
-226
-140
-264
-144
-15
-103
-313
-53
-394
-372
-184
-206
-95
-228
-441
-126
-261
-476
7
-481
-47
-345
-12
-491
-82
-122
-273
-283
-158
-77
-287
-404
-263
-448
-433
-324
-193
-347
-79
-299
-238
-285
-316
-439
-283
-243
-329
-195
-236
-493
-498
-439
-294
-176
-176
-393
-63
-436
-17
-309
-230
-13
-48
-118
-195
-430
-232
-404
-136
-83
-297
-297
-372
-199
-497
-307
-35
-91
-8
-168
-460
-475
-160
-500
-395
-252
-186
-411
-300
-73
-249
-60
-225
-196
-144
-146
-253
-88
-489
-405
-168
-102
-54
-256
-186
-37
-418
-157
-49
-286
-10
-78
-358
-139
-323
-96
-189
-331
-449
-494
-328
-41
-34
-61
-308
-423
-130
-22
-20
-432
-172
-159
-69
-417
-376
-89
-57
-179
-6
-228
-95
-107
-493
-453
-64
-135
-177
-48
-176
-115
-453
-252
-365
-112
-92
-95
-92
-335
-45
-193
-9
-69
-369
-167
-30
-33
-217
-15
-476
-173
-4
-391
-468
-159
1
-66
7
-348
-379
-6
-242
-220
-317
-450
-378
-239
-88
-193
-365
-39
-9
-123
-298
-345
-222
-31
-380
-308
-71
-63
-117
-467
-58
-345
0
-233
-143
-178
-247
-449
-484
-274
-109
-402
-220
-216
-63
-262
0
-334
-1
-197
-284
-430
-199
-317
-56
-442
-60
-242
-225
-97
-238
-430
-20
-109
-247
-496
-112
-159
-129
-492
-402
-397
-352
-498
-303
-3
-483
-354
-247
-431
-348
-274
-268
-183
-381
-172
-421
-70
-188
-85
-128
-212
-69
-71
-268
-304
-251
-301
-137
-180
-34
-10
-407
-243
-27
-275
-153
-146
-54
-19
-59
-282
-365
-91
-360
-351
-474
-467
-321
-339
-402
-419
-237
-137
-143
-411
-133
-153
-28
-124
-330
-73
-411
-52
-435
-334
-45
-51
-42
-365
-231
-486
-205
-149
-172
-442
-167
-282
5
-347
-155
-424
-38
-464
-473
-464
-477
-357
-77
-279
9
-373
-353
-56
-348
-326
-40
-79
-75
-118
-163
-21
-439
-190
-349
-348
-35
-303
-303
-478
-254
-340
-371
-280
-461
-471
-446
-345
-398
-383
-383
-399
-331
-283
-14
-276
-55
-385
-338
-359
-24
4
-139
-256
-246
-11
-395
-189
-197
-437
-78
-485
-352
-448
-146
-163
-5
-308
-76
-24
-126
-417
-200
-102
-438
-22
-346
-92
-148
-401
-434
-65
-117
-10
-254
-109
-25
-159
-202
-381
-96
-269
-158
-5
-390
-239
-466
2
-135
-267
-333
-33
-108
-298
-199
-280
-168
-209
-141
-168
-65
-196
-87
-168
-281
-15
-395
-436
-168
-297
-227
-1
-440
-319
-410
-124
-117
-450
-354
-112
-226
-269
-304
-33
-150
-19
-24
-117
9
0
-338
-334
-40
-474
-193
-280
-190
-98
-241
-246
-221
-53
-212
-353
-134
-4
-378
-187
-343
-324
-360
-305
-62
-252
-141
-357
-151
-17
-289
-463
-298
-382
-34
-58
-336
-186
-249
-241
-231
-218
-312
-96
-303
-218
-294
-449
-27
-259
-70
-431
-52
-209
-365
-465
-127
-275
-379
-403
-156
-475
-211
-106
-380
-464
-68
-150
-138
-343
-467
-339
-331
-391
-402
-328
2
-452
-113
-213
-189
5
-157
-160
-363
-90
-446
-312
-336
-494
-160
-353
-308
-339
-477
-281
-47
-414
-439
-495
-378
-392
-307
-101
-163
-441
-166
-134
-94
-448
-239
-445
-69
-151
-58
-370
-264
-133
-129
-109
-122
-22
-420
-60
-487
-214
-357
-242
-375
-309
-318
-59
-292
-105
-119
-225
-131
-158
-177
7
-269
-393
-449
4
-20
-277
-301
-198
-449
-93
-342
-442
-133
-480
-429
-446
-28
-145
-111
-364
-390
-105
-371
-124
-435
-481
-284
-82
-322
-346
-455
-84
-198
-263
-157
-119
-193
-354
-126
-183
-53
-380
-279
-72
-472
-185
-351
-368
-218
-185
-122
-183
-382
-405
-28
-95
-403
-102
-93
-460
-371
-234
-342
-194
-95
-356
-33
-60
-433
-139
-397
-29
-410
-76
-51
-156
-450
-313
-182
-105
-274
-253
-397
-236
4
-95
-482
-363
-131
-354
-121
-105
-439
-365
-160
-173
-431
-244
-481
-209
-286
1
-220
-157
-96
-311
-176
-114
-2
-390
-421
-33
-214
-157
-402
-236
-101
-117
-89
-18
-77
-453
-139
-423
-226
-83
-166
-6
-429
-396
-61
-212
-274
-391
-131
4
-293
-277
-44
-474
-89
-111
-149
-33
-316
-215
-133
-307
-49
6
-384
-459
-351
-228
-89
-163
-207
-80
-33
-393
-121
-144
-175
-237
-91
-125
-135
-257
-490
-360
-198
-239
-421
-192
-22
-12
-144
-367
-460
-117
-74
-229
-286
-25
-145
-392
-394
-206
-55
-256
-30
-430
-167
-407
-300
-458
-126
-473
-347
-89
-346
-452
-168
-69
-227
-346
-425
-10
-151
-398
-273
-372
-351
-95
-433
-383
-247
-177
-246
-288
-150
-331
-26
-130
-376
-53
-23
-50
-192
-45
-495
-490
-64
-2
-437
-304
-70
-480
-141
-58
-251
-274
-491
-181
-412
-285
-322
-210
-330
-322
-117
-239
-438
-169
-59
-361
-14
-60
-115
-361
-455
-390
-193
-338
-441
-238
-395
-228
-452
-298
-428
-28
-142
-235
-68
-47
-494
-266
-390
-222
-465
-11
-482
-212
-443
-252
-66
-199
-369
-412
-440
-67
-106
-419
-235
-182
-186
-372
-352
-328
-237
-169
-237
-244
-140
-170
-292
-161
-150
-239
-29
-484
-482
-173
-443
-297
-472
-484
-350
-379
-241
-52
-109
-66
-357
-298
-456
-187
-278
-490
-287
-30
-264
-283
-35
-433
-168
-54
-281
-42
-269
-273
-301
-391
-344
-401
-346
-153
-33
-120
-4
-169
-484
-491
-170
-286
-2
-82
-351
-339
-156
-377
-413
-313
-389
-255
-493
-393
-329
-420
-187
-357
-86
-89
-402
-183
-160
-400
0
-284
-2
-26
-159
-341
-67
-370
-51
-114
-459
-346
-158
-171
-306
-36
-316
-12
-248
-353
-62
-290
-288
-333
-226
-388
-457
-162
-394
-188
-237
-180
-253
-432
-420
-482
-282
-353
-94
-264
-404
-54
-185
-210
-33
-144
-226
-146
-218
-400
-149
-193
-464
-9
-330
-376
-177
-142
